8470
8469
8465
8464
8461
8458
8457
8456
8450
8449
8444
8443
8442
8435
8434
8430
8425
8423
8419
8416
8415
8412
8410
8404
8402
8398
8397
8394
8374
8373
8372
8364
8361
8360
8354
8351
8350
8347
8341
8340
8329
8327
8315
8312
8311
8309
8302
8290
8289
8287
8286
8283
8272
8270
8257
8256
8252
8250
8247
8243
8238
8231
8223
8221
8220
8219
8209
8204
8190
8177
8167
8166
8159
8138
8128
8127
8108
8101
8091
8003
7999
7996
7951
7947
7910
7905
7887
7870
7869
7865
7855
7819
7753
7736
7703
7695
7654
7631
7630
7624
7623
7621
7603
7574
7572
7553
7551
7549
7546
7507
7503
7501
7500
7499
7484
7483
7476
7466
7465
7445
7444
7443
7442
7439
7435
7434
7426
7422
7419
7413
7412
7404
7401
7390
7383
7381
7375
7369
7368
7335
7315
7308
7298
7297
7296
7292
7289
7288
7287
7284
7283
7265
7037
6987
6986
6962
6917
6901
6883
6881
6878
6875
6873
6872
6869
6867
6865
6853
6852
6851
6848
6846
6844
6841
6827
6826
6822
6818
6816
6815
6806
6805
6803
6798
6795
6790
6784
6767
6764
6763
6762
6759
6757
6756
6749
6747
6740
6739
6733
6731
6730
6729
6728
6726
6723
6711
6703
6702
6699
6698
6697
6695
6694
6682
6680
6677
6676
6675
6673
6672
6671
6666
6665
6664
6650
6649
6645
6643
6642
6640
6639
6638
6637
6635
6631
6630
6629
6619
6617
6616
6613
6612
6611
6610
6609
6608
6606
6604
6603
6602
6601
6598
6597
6584
6582
6580
6579
6578
6577
6575
6574
6573
6572
6571
6570
6565
6564
6563
6554
6553
6552
6545
6544
6542
6541
6540
6536
6535
6533
6532
6530
6529
6528
6526
6507
6506
6505
6500
6499
6498
6497
6495
6492
6491
6489
6488
6487
6476
6474
6473
6470
6469
6468
6467
6466
6465
6464
6460
6459
6458
6457
6454
6441
6439
6435
6433
6432
6431
6430
6429
6421
6417
6416
6415
6414
6402
6401
6397
6396
6393
6392
6391
6389
6388
6387
6385
6370
6369
6366
6364
6362
6361
6360
6358
6357
6355
6354
6353
6352
6351
6349
6338
6335
6334
6332
6329
6327
6326
6324
6323
6314
6312
6311
6297
6296
6295
6294
6293
6291
6286
6285
6284
6282
6280
6277
6276
6275
6261
6260
6259
6258
6256
6255
6254
6252
6251
6250
6249
6247
6246
6242
6241
6240
6239
6224
6223
6221
6219
6217
6216
6215
6214
6202
6201
6200
6194
6193
6192
6191
6190
6189
6188
6186
6185
6184
6183
6182
6173
6172
6159
6158
6157
6155
6154
6153
6152
6151
6150
6149
6148
6142
6141
6140
6129
6127
6126
6123
6122
6121
6120
6119
6118
6116
6115
6114
6112
6103
6102
6101
6086
6085
6083
6076
6075
6073
6072
6070
6069
6068
6067
6066
6065
6043
6041
6040
6036
6035
6033
6032
6029
6028
6027
6026
6025
6024
6022
6019
6018
6017
6002
6000
5999
5997
5992
5990
5989
5987
5986
5985
5984
5983
5982
5981
5980
5979
5978
5977
5957
5956
5955
5954
5950
5949
5948
5947
5946
5945
5941
5940
5927
5926
5925
5920
5919
5918
5916
5914
5913
5912
5911
5910
5909
5908
5907
5904
5902
5901
5892
5887
5886
5884
5883
5882
5878
5876
5874
5873
5872
5871
5855
5853
5850
5849
5848
5847
5846
5845
5844
5842
5841
5837
5836
5835
5812
5811
5809
5806
5803
5802
5801
5800
5799
5797
5796
5795
5794
5793
5791
5789
5788
5764
5763
5762
5761
5759
5758
5756
5755
5753
5751
5750
5749
5748
5745
5744
5731
5730
5724
5723
5722
5721
5720
5719
5718
5716
5713
5712
5693
5692
5686
5683
5682
5681
5680
5679
5678
5677
5676
5674
5673
5660
5658
5657
5642
5641
5639
5632
5631
5630
5626
5625
5624
5608
5606
5605
5597
5596
5595
5594
5592
5591
5590
5589
5588
5572
5571
5569
5561
5560
5559
5557
5556
5554
5552
5551
5550
5549
5547
5546
5545
5544
5539
5538
5537
5516
5515
5514
5512
5511
5510
5508
5507
5506
5505
5504
5502
5501
5500
5496
5495
5494
5484
5483
5482
5481
5480
5475
5474
5473
5472
5470
5469
5468
5465
5464
5463
5462
5458
5457
5455
5436
5435
5434
5428
5427
5426
5425
5423
5420
5419
5416
5415
5413
5412
5411
5410
5409
5395
5394
5393
5391
5389
5388
5387
5385
5382
5381
5379
5378
5373
5366
5346
5345
5344
5340
5337
5336
5333
5332
5331
5325
5323
5322
5321
5320
5319
5295
5294
5293
5292
5279
5277
5276
5275
5274
5273
5271
5270
5269
5267
5266
5264
5263
5261
5260
5259
5244
5243
5241
5237
5235
5234
5233
5232
5231
5230
5229
5227
5226
5225
5224
5223
5222
5199
5197
5196
5195
5193
5192
5191
5190
5189
5188
5187
5186
5185
5184
5183
5179
5178
5177
5161
5160
5159
5158
5154
5153
5152
5150
5149
5148
5147
5146
5139
5122
5120
5119
5118
5109
5108
5107
5086
5085
5079
5078
5077
5075
5073
5072
5070
5064
5062
5061
5060
5057
5056
5039
5038
5028
5027
5026
5024
5023
5022
5020
5019
5018
5016
5015
5012
5010
5009
5008
4998
4997
4996
4990
4989
4988
4986
4983
4982
4981
4980
4979
4967
4966
4965
4952
4949
4947
4946
4945
4944
4943
4942
4941
4939
4937
4936
4934
4933
4932
4931
4930
4929
4908
4907
4906
4905
4902
4901
4899
4898
4897
4887
4886
4885
4868
4866
4861
4859
4855
4854
4853
4852
4845
4844
4843
4839
4826
4825
4824
4818
4817
4815
4814
4813
4812
4811
4810
4808
4807
4806
4804
4795
4794
4792
4781
4776
4775
4770
4768
4767
4766
4765
4763
4757
4756
4754
4747
4746
4745
4744
4738
4735
4734
4733
4732
4730
4729
4725
4710
4708
4706
4704
4697
4696
4695
4691
4688
4686
4685
4682
4680
4679
4678
4677
4676
4655
4654
4653
4651
4650
4647
4646
4641
4640
4639
4638
4637
4636
4634
4624
4623
4620
4618
4617
4615
4614
4612
4611
4608
4596
4595
4594
4592
4591
4582
4581
4579
4578
4577
4576
4575
4573
4572
4571
4570
4567
4566
4560
4559
4558
4550
4548
4546
4545
4544
4543
4541
4540
4534
4533
4516
4513
4512
4511
4507
4506
4505
4500
4499
4498
4489
4488
4487
4481
4480
4479
4478
4476
4469
4467
4466
4465
4463
4462
4454
4453
4449
4448
4445
4444
4443
4442
4441
4439
4438
4418
4417
4416
4415
4414
4413
4411
4410
4409
4402
4401
4400
4399
4398
4397
4396
4381
4380
4378
4377
4376
4375
4373
4372
4371
4370
4368
4362
4361
4353
4352
4343
4339
4338
4335
4332
4331
4330
4296
4295
4293
4288
4287
4285
4284
4281
4280
4279
4278
4277
4271
4270
4269
4266
4265
4264
4254
4253
4252
4250
4249
4248
4245
4244
4242
4241
4223
4222
4220
4219
4216
4215
4214
4212
4211
4209
4203
4202
4201
4195
4194
4193
4173
4172
4168
4160
4159
4158
4156
4155
4153
4152
4151
4150
4139
4138
4137
4127
4125
4119
4118
4117
4114
4113
4111
4104
4103
4102
4101
4095
4094
4081
4079
4076
4075
4073
4072
4071
4070
4069
4067
4066
4065
4064
4063
4054
4053
4049
4048
4047
4046
4045
4043
4042
4041
4040
4039
4038
4032
4031
4030
4022
4021
4019
4011
4010
4009
4008
4007
4006
4005
4004
4003
4001
4000
3998
3973
3972
3971
3967
3966
3965
3964
3962
3961
3960
3957
3956
3954
3953
3952
3951
3950
3934
3933
3928
3927
3924
3923
3922
3919
3918
3916
3912
3911
3910
3907
3906
3904
3903
3902
3899
3898
3897
3895
3894
3884
3883
3881
3865
3863
3861
3858
3856
3855
3854
3853
3852
3846
3845
3844
3830
3829
3827
3826
3825
3824
3822
3821
3820
3818
3817
3816
3815
3805
3804
3802
3800
3799
3798
3796
3794
3793
3792
3765
3759
3758
3757
3756
3755
3742
3741
3739
3738
3736
3731
3730
3728
3727
3726
3725
3724
3714
3713
3712
3711
3710
3709
3708
3705
3703
3702
3701
3700
3699
3692
3683
3682
3681
3677
3676
3675
3672
3670
3668
3667
3664
3663
3653
3651
3649
3648
3647
3646
3645
3643
3638
3637
3635
3634
3633
3618
3616
3615
3614
3613
3611
3610
3609
3600
3599
3598
3596
3595
3594
3586
3584
3583
3582
3581
3579
3578
3575
3569
3568
3567
3564
3543
3541
3540
3536
3535
3534
3532
3529
3528
3526
3524
3523
3516
3513
3512
3508
3502
3500
3498
3497
3495
3494
3493
3490
3489
3488
3476
3475
3474
3473
3467
3466
3465
3464
3463
3459
3458
3457
3456
3450
3449
3437
3435
3434
3433
3432
3430
3429
3428
3427
3426
3414
3411
3410
3409
3408
3407
3405
3404
3400
3397
3374
3373
3372
3371
3370
3369
3367
3363
3362
3353
3350
3346
3345
3344
3341
3340
3327
3326
3325
3323
3322
3321
3320
3316
3314
3313
3309
3308
3297
3296
3295
3293
3291
3290
3284
3282
3281
3248
3246
3245
3239
3235
3234
3233
3232
3231
3230
3226
3225
3224
3216
3214
3213
3212
3211
3210
3209
3202
3201
3190
3189
3187
3184
3183
3179
3178
3153
3152
3146
3145
3144
3141
3139
3138
3125
3124
3122
3118
3117
3116
3115
3113
3112
3091
3090
3088
3086
3085
3083
3081
3076
3075
3048
3045
3044
3043
3040
3039
3038
3036
3034
3033
3023
3020
3018
3016
3015
3014
3013
2995
2993
2971
2968
2967
2964
2963
2954
2952
2951
2923
2922
2911
2909
2906
2905
2902
2899
2896
2865
2859
2856
2855
2854
2832
2831
2826
2825
2823
2822
2821
2818
2811
2798
2796
2795
2794
2793
2792
2753
2752
2751
2750
2749
2740
2739
2738
2728
2727
2726
2725
2723
2720
2706
2682
2675
2653
2648
2647
2646
2644
2643
2637
2632
2894
